526898
8771339
3463732
8990596
880181
5722197
5993842
5967706
4208518
583658
7429996
4645031
1602549
7825927
4164411
1515754
1721800
6929026
3606373
9056655
736236
615759
1419537
2067685
7903769
147150
9959998
8768925
9009503
4845441
1513094
7413284
4304858
91617
4210653
7274112
2099094
2582820
3916712
6631375
2571275
3977910
481889
7777341
2911634
4033700
647485
9604082
3722255
7627110
3628521
7922682
1567112
7357765
6163740
2247443
7416322
6470165
315278
5027067
5545606
2245808
3945475
3356178
4911666
7237843
1762062
4660278
2198615
2157531
2305721
1924850
4514339
9194004
3404039
4746829
3463000
3154547
372630
4662745
3305882
3474426
1946307
3413849
6477317
6126219
9254212
6291708
4235961
8275400
4545755
4276095
7534456
2267602
2424229
2280230
3937062
1434161
6364940
6856458
